State,Year,Total_Amount,YoY_Growth_Percentage
andaman-&-nicobar-islands,2018,2268913224.9902344,
andaman-&-nicobar-islands,2019,5681577108.28125,150.41
andaman-&-nicobar-islands,2020,15557080689.5625,173.82
andaman-&-nicobar-islands,2021,59105855428.5,279.93
andaman-&-nicobar-islands,2022,145323079585.5,145.87
andaman-&-nicobar-islands,2023,251196268452.0,72.85
andaman-&-nicobar-islands,2024,368876662008.0,46.85
andhra-pradesh,2018,1464864167040.0,
andhra-pradesh,2019,6453496454928.0,340.55
andhra-pradesh,2020,20126958859248.0,211.88
andhra-pradesh,2021,43963975723776.0,118.43
andhra-pradesh,2022,67007726513664.0,52.42
andhra-pradesh,2023,122532232309632.0,82.86
andhra-pradesh,2024,154479712752384.0,26.07
arunachal-pradesh,2018,13525487571.890625,
arunachal-pradesh,2019,41589890438.109375,207.49
arunachal-pradesh,2020,112664135682.75,170.89
arunachal-pradesh,2021,250702072935.0,122.52
arunachal-pradesh,2022,428037321816.0,70.74
arunachal-pradesh,2023,977477606436.0,128.36
arunachal-pradesh,2024,1469222887764.0,50.31
assam,2018,158490569700.0,
assam,2019,566273947344.0,257.29
assam,2020,1325912782914.0,134.15
assam,2021,3484852913760.0,162.83
assam,2022,7674408882960.0,120.22
assam,2023,11725519293408.0,52.79
assam,2024,16594047672480.0,41.52
bihar,2018,817028292960.0,
bihar,2019,3187697691504.0,290.16
bihar,2020,7803574285464.0,144.8
bihar,2021,18863859733728.0,141.73
bihar,2022,37119982080000.0,96.78
bihar,2023,58178554854720.0,56.73
bihar,2024,88845496992960.0,52.71
chandigarh,2018,59719256136.0,
chandigarh,2019,150136129878.0,151.4
chandigarh,2020,242520494808.0,61.53
chandigarh,2021,506442731076.0,108.82
chandigarh,2022,970776040632.0,91.69
chandigarh,2023,707367713424.0,-27.13
chandigarh,2024,877916690412.0,24.11
chhattisgarh,2018,265584550362.0,
chhattisgarh,2019,917927512560.0,245.63
chhattisgarh,2020,2026448397036.0,120.76
chhattisgarh,2021,4669725944256.0,130.44
chhattisgarh,2022,9740513625360.0,108.59
chhattisgarh,2023,16663325878656.0,71.07
chhattisgarh,2024,24402141723264.0,46.44
dadra-&-nagar-haveli-&-daman-&-diu,2018,19009432608.0,
dadra-&-nagar-haveli-&-daman-&-diu,2019,46271084897.25,143.41
dadra-&-nagar-haveli-&-daman-&-diu,2020,85145281874.25,84.01
dadra-&-nagar-haveli-&-daman-&-diu,2021,191940959002.5,125.43
dadra-&-nagar-haveli-&-daman-&-diu,2022,345749949648.0,80.13
dadra-&-nagar-haveli-&-daman-&-diu,2023,708225057468.0,104.84
dadra-&-nagar-haveli-&-daman-&-diu,2024,1024296515448.0,44.63
delhi,2018,1149078111456.0,
delhi,2019,4468766707656.0,288.9
delhi,2020,7595028303360.0,69.96
delhi,2021,17057076701376.0,124.58
delhi,2022,31072178700672.0,82.17
delhi,2023,33371766868224.0,7.4
delhi,2024,44936346975744.0,34.65
goa,2018,31783591562.625,
goa,2019,95892217435.875,201.7
goa,2020,190345483336.5,98.5
goa,2021,562509352644.0,195.52
goa,2022,1046264820576.0,86.0
goa,2023,1862064293112.0,77.97
goa,2024,2343394174128.0,25.85
gujarat,2018,749256714528.0,
gujarat,2019,2655960667584.0,254.48
gujarat,2020,5132372902032.0,93.24
gujarat,2021,12106440481536.0,135.88
gujarat,2022,22856422516416.0,88.8
gujarat,2023,32952691652160.0,44.17
gujarat,2024,45861724696320.0,39.17
haryana,2018,718559304456.0,
haryana,2019,2380824420708.0,231.33
haryana,2020,5187047188248.0,117.87
haryana,2021,11032360193376.0,112.69
haryana,2022,19860998927616.0,80.02
haryana,2023,32551862181696.0,63.9
haryana,2024,44008786382976.0,35.2
himachal-pradesh,2018,74246970873.0,
himachal-pradesh,2019,253206571554.0,241.03
himachal-pradesh,2020,479537747703.0,89.39
himachal-pradesh,2021,936751968420.0,95.34
himachal-pradesh,2022,1672652183304.0,78.56
himachal-pradesh,2023,2097009974976.0,25.37
himachal-pradesh,2024,2737042966656.0,30.52
jammu-&-kashmir,2018,159071983410.0,
jammu-&-kashmir,2019,212710854361.875,33.72
jammu-&-kashmir,2020,462737131950.0,117.54
jammu-&-kashmir,2021,1325721458184.0,186.5
jammu-&-kashmir,2022,1976172057408.0,49.06
jammu-&-kashmir,2023,3738456476520.0,89.18
jammu-&-kashmir,2024,6341328219840.0,69.62
jharkhand,2018,311991000528.0,
jharkhand,2019,982363936416.0,214.87
jharkhand,2020,2334302704224.0,137.62
jharkhand,2021,5713081412784.0,144.74
jharkhand,2022,11132652640608.0,94.86
jharkhand,2023,20480287520160.0,83.97
jharkhand,2024,29925074176416.0,46.12
karnataka,2018,2087603467728.0,
karnataka,2019,9495147221088.0,354.83
karnataka,2020,21639410053728.0,127.9
karnataka,2021,49219062774528.0,127.45
karnataka,2022,84050765399040.0,70.77
karnataka,2023,137701006406400.0,63.83
karnataka,2024,183951669865728.0,33.59
kerala,2018,232319811858.0,
kerala,2019,730170476874.0,214.3
kerala,2020,1791174813576.0,145.31
kerala,2021,4422192886752.0,146.89
kerala,2022,7566065971776.0,71.09
kerala,2023,10161020329728.0,34.3
kerala,2024,12012285515712.0,18.22
ladakh,2018,3353778900.0,
ladakh,2019,12815211436.40625,282.11
ladakh,2020,34186603521.0,166.77
ladakh,2021,81338385181.5,137.92
ladakh,2022,144816430648.5,78.04
ladakh,2023,314804216964.0,117.38
ladakh,2024,476620840236.0,51.4
lakshadweep,2018,203024000.46276855,
lakshadweep,2019,467403952.5321808,130.22
lakshadweep,2020,982361309.71875,110.17
lakshadweep,2021,1730731160.6953125,76.18
lakshadweep,2022,2559155029.7109375,47.87
lakshadweep,2023,4772014056.0,86.47
lakshadweep,2024,8597159760.0,80.16
madhya-pradesh,2018,991932432624.0,
madhya-pradesh,2019,3585229129200.0,261.44
madhya-pradesh,2020,9175633528680.0,155.93
madhya-pradesh,2021,23164017763584.0,152.45
madhya-pradesh,2022,47407178844096.0,104.66
madhya-pradesh,2023,59145508598208.0,24.76
madhya-pradesh,2024,86033850898944.0,45.46
maharashtra,2018,2278181092848.0,
maharashtra,2019,8847925064160.0,288.38
maharashtra,2020,20145808041312.0,127.69
maharashtra,2021,51835418599296.0,157.3
maharashtra,2022,94148661282048.0,81.63
maharashtra,2023,129821732181504.0,37.89
maharashtra,2024,177412626399744.0,36.66
manipur,2018,16443248343.375,
manipur,2019,41365652525.8125,151.57
manipur,2020,192188727110.625,364.61
manipur,2021,456305388924.0,137.43
manipur,2022,720897579444.0,57.99
manipur,2023,281496630540.0,-60.95
manipur,2024,526490394684.0,87.03
meghalaya,2018,8768331089.25,
meghalaya,2019,26959482139.640625,207.46
meghalaya,2020,63782058403.5,136.58
meghalaya,2021,130402783557.0,104.45
meghalaya,2022,342524065908.0,162.67
meghalaya,2023,557388468324.0,62.73
meghalaya,2024,820701637116.0,47.24
mizoram,2018,5229158691.84375,
mizoram,2019,13363930258.3125,155.57
mizoram,2020,30524847247.125,128.41
mizoram,2021,65620732362.0,114.97
mizoram,2022,95190267447.75,45.06
mizoram,2023,153532798092.0,61.29
mizoram,2024,189763506276.0,23.6
nagaland,2018,10333651888.96875,
nagaland,2019,29370023625.28125,184.22
nagaland,2020,81782263842.375,178.45
nagaland,2021,182282945508.0,122.89
nagaland,2022,283435244257.5,55.49
nagaland,2023,409520068008.0,44.48
nagaland,2024,567578914620.0,38.6
odisha,2018,715683922992.0,
odisha,2019,2607071207784.0,264.28
odisha,2020,5813477237232.0,122.99
odisha,2021,13779523584096.0,137.03
odisha,2022,26136299530080.0,89.67
odisha,2023,40468694414400.0,54.84
odisha,2024,57647034508224.0,42.45
puducherry,2018,17939721700.125,
puducherry,2019,66127877899.5,268.61
puducherry,2020,152326976756.25,130.35
puducherry,2021,378621244158.0,148.56
puducherry,2022,574304908236.0,51.68
puducherry,2023,756937479828.0,31.8
puducherry,2024,901546668288.0,19.1
punjab,2018,303757197720.0,
punjab,2019,1021018787922.0,236.13
punjab,2020,1866688050396.0,82.83
punjab,2021,3899095574928.0,108.88
punjab,2022,6877947410592.0,76.4
punjab,2023,9672663633504.0,40.63
punjab,2024,12155763071520.0,25.67
rajasthan,2018,1037222796456.0,
rajasthan,2019,5066030096448.0,388.42
rajasthan,2020,12765415013280.0,151.98
rajasthan,2021,32011692942912.0,150.77
rajasthan,2022,58443955456128.0,82.57
rajasthan,2023,85439687687808.0,46.19
rajasthan,2024,121354822039680.0,42.04
sikkim,2018,9918787377.65625,
sikkim,2019,39097365996.1875,294.17
sikkim,2020,65139571823.8125,66.61
sikkim,2021,141944249586.0,117.91
sikkim,2022,259197637362.0,82.61
sikkim,2023,384489171492.0,48.34
sikkim,2024,527558040072.0,37.21
tamil-nadu,2018,1248234801240.0,
tamil-nadu,2019,3630746269368.0,190.87
tamil-nadu,2020,6752529734016.0,85.98
tamil-nadu,2021,15853041026688.0,134.77
tamil-nadu,2022,28925913746880.0,82.46
tamil-nadu,2023,38375066186112.0,32.67
tamil-nadu,2024,48449097589440.0,26.25
telangana,2018,1414375070304.0,
telangana,2019,8806517940216.0,522.64
telangana,2020,22742246450304.0,158.24
telangana,2021,53632378451328.0,135.83
telangana,2022,111679574812800.0,108.23
telangana,2023,132688221158784.0,18.81
telangana,2024,168908150818560.0,27.3
tripura,2018,17443435083.0,
tripura,2019,45977928007.125,163.58
tripura,2020,106582862490.0,131.81
tripura,2021,199974711330.0,87.62
tripura,2022,386723101908.0,93.39
tripura,2023,711318403164.0,83.93
tripura,2024,938980466364.0,32.01
uttar-pradesh,2018,1581228400128.0,
uttar-pradesh,2019,5186985136272.0,228.04
uttar-pradesh,2020,11487350748816.0,121.46
uttar-pradesh,2021,26513182776960.0,130.8
uttar-pradesh,2022,53380646921856.0,101.34
uttar-pradesh,2023,91112973440256.0,70.69
uttar-pradesh,2024,133360176615936.0,46.37
uttarakhand,2018,162829750590.0,
uttarakhand,2019,456897602751.0,180.6
uttarakhand,2020,1033782197304.0,126.26
uttarakhand,2021,2327455350720.0,125.14
uttarakhand,2022,4409153531040.0,89.44
uttarakhand,2023,6217183536768.0,41.01
uttarakhand,2024,8390560986768.0,34.96
west-bengal,2018,1339064587776.0,
west-bengal,2019,3192174074976.0,138.39
west-bengal,2020,6632779012272.0,107.78
west-bengal,2021,16164565419072.0,143.71
west-bengal,2022,32310329199552.0,99.88
west-bengal,2023,50725703094144.0,57.0
west-bengal,2024,76645356595200.0,51.1
